{
 "cells": [
  {
   "cell_type": "code",
   "execution_count": 1,
   "id": "4ec20499-d773-4b59-bfc0-5dac888b3c14",
   "metadata": {},
   "outputs": [],
   "source": [
    "import pandas as pd\n",
    "from scipy import sparse\n",
    "from sklearn.metrics.pairwise import cosine_similarity"
   ]
  },
  {
   "cell_type": "code",
   "execution_count": 2,
   "id": "3eee1446-4973-4ba7-be57-4d127c86b429",
   "metadata": {},
   "outputs": [],
   "source": [
    "ratings=pd.read_csv(\"toy_dataset.csv\",index_col=0)"
   ]
  },
  {
   "cell_type": "code",
   "execution_count": 3,
   "id": "f9982619-5295-44e1-b0d3-5ae283b2444e",
   "metadata": {},
   "outputs": [
    {
     "data": {
      "text/html": [
       "<div>\n",
       "<style scoped>\n",
       "    .dataframe tbody tr th:only-of-type {\n",
       "        vertical-align: middle;\n",
       "    }\n",
       "\n",
       "    .dataframe tbody tr th {\n",
       "        vertical-align: top;\n",
       "    }\n",
       "\n",
       "    .dataframe thead th {\n",
       "        text-align: right;\n",
       "    }\n",
       "</style>\n",
       "<table border=\"1\" class=\"dataframe\">\n",
       "  <thead>\n",
       "    <tr style=\"text-align: right;\">\n",
       "      <th></th>\n",
       "      <th>action1</th>\n",
       "      <th>action2</th>\n",
       "      <th>action3</th>\n",
       "      <th>romantic1</th>\n",
       "      <th>romantic2</th>\n",
       "      <th>romantic3</th>\n",
       "    </tr>\n",
       "  </thead>\n",
       "  <tbody>\n",
       "    <tr>\n",
       "      <th>user 1</th>\n",
       "      <td>4.0</td>\n",
       "      <td>5.0</td>\n",
       "      <td>3.0</td>\n",
       "      <td>0.0</td>\n",
       "      <td>2.0</td>\n",
       "      <td>1.0</td>\n",
       "    </tr>\n",
       "    <tr>\n",
       "      <th>user 2</th>\n",
       "      <td>5.0</td>\n",
       "      <td>3.0</td>\n",
       "      <td>3.0</td>\n",
       "      <td>2.0</td>\n",
       "      <td>2.0</td>\n",
       "      <td>0.0</td>\n",
       "    </tr>\n",
       "    <tr>\n",
       "      <th>user 3</th>\n",
       "      <td>1.0</td>\n",
       "      <td>0.0</td>\n",
       "      <td>0.0</td>\n",
       "      <td>4.0</td>\n",
       "      <td>5.0</td>\n",
       "      <td>4.0</td>\n",
       "    </tr>\n",
       "    <tr>\n",
       "      <th>user 4</th>\n",
       "      <td>0.0</td>\n",
       "      <td>2.0</td>\n",
       "      <td>1.0</td>\n",
       "      <td>4.0</td>\n",
       "      <td>0.0</td>\n",
       "      <td>3.0</td>\n",
       "    </tr>\n",
       "    <tr>\n",
       "      <th>user 5</th>\n",
       "      <td>1.0</td>\n",
       "      <td>0.0</td>\n",
       "      <td>2.0</td>\n",
       "      <td>3.0</td>\n",
       "      <td>3.0</td>\n",
       "      <td>4.0</td>\n",
       "    </tr>\n",
       "  </tbody>\n",
       "</table>\n",
       "</div>"
      ],
      "text/plain": [
       "        action1  action2  action3  romantic1  romantic2  romantic3\n",
       "user 1      4.0      5.0      3.0        0.0        2.0        1.0\n",
       "user 2      5.0      3.0      3.0        2.0        2.0        0.0\n",
       "user 3      1.0      0.0      0.0        4.0        5.0        4.0\n",
       "user 4      0.0      2.0      1.0        4.0        0.0        3.0\n",
       "user 5      1.0      0.0      2.0        3.0        3.0        4.0"
      ]
     },
     "execution_count": 3,
     "metadata": {},
     "output_type": "execute_result"
    }
   ],
   "source": [
    "ratings=ratings.fillna(0)\n",
    "ratings"
   ]
  },
  {
   "cell_type": "code",
   "execution_count": 4,
   "id": "3c3279c0-dedd-48ae-a36d-7bdde71c9d3c",
   "metadata": {},
   "outputs": [],
   "source": [
    "def standardize(row):\n",
    "    new_row=(row-row.mean())/(row.max()-row.min())\n",
    "    return new_row\n",
    "ratings_std=ratings.apply(standardize)"
   ]
  },
  {
   "cell_type": "code",
   "execution_count": 5,
   "id": "9977fced-0f1b-45f6-8320-fdb0aec7d91b",
   "metadata": {},
   "outputs": [
    {
     "name": "stdout",
     "output_type": "stream",
     "text": [
      "[[ 1.          0.70668875  0.81368151 -0.79941088 -0.02539184 -0.91410609]\n",
      " [ 0.70668875  1.          0.72310153 -0.84515425 -0.5189993  -0.84337386]\n",
      " [ 0.81368151  0.72310153  1.         -0.84794611 -0.3799803  -0.80218063]\n",
      " [-0.79941088 -0.84515425 -0.84794611  1.          0.14803913  0.72374686]\n",
      " [-0.02539184 -0.5189993  -0.3799803   0.14803913  1.          0.39393939]\n",
      " [-0.91410609 -0.84337386 -0.80218063  0.72374686  0.39393939  1.        ]]\n"
     ]
    }
   ],
   "source": [
    "item_similarity=cosine_similarity(ratings_std.T)\n",
    "print(item_similarity)"
   ]
  },
  {
   "cell_type": "code",
   "execution_count": 6,
   "id": "3584d317-2552-4225-a26f-1cdf0a6eba63",
   "metadata": {},
   "outputs": [
    {
     "data": {
      "text/html": [
       "<div>\n",
       "<style scoped>\n",
       "    .dataframe tbody tr th:only-of-type {\n",
       "        vertical-align: middle;\n",
       "    }\n",
       "\n",
       "    .dataframe tbody tr th {\n",
       "        vertical-align: top;\n",
       "    }\n",
       "\n",
       "    .dataframe thead th {\n",
       "        text-align: right;\n",
       "    }\n",
       "</style>\n",
       "<table border=\"1\" class=\"dataframe\">\n",
       "  <thead>\n",
       "    <tr style=\"text-align: right;\">\n",
       "      <th></th>\n",
       "      <th>action1</th>\n",
       "      <th>action2</th>\n",
       "      <th>action3</th>\n",
       "      <th>romantic1</th>\n",
       "      <th>romantic2</th>\n",
       "      <th>romantic3</th>\n",
       "    </tr>\n",
       "  </thead>\n",
       "  <tbody>\n",
       "    <tr>\n",
       "      <th>action1</th>\n",
       "      <td>1.000000</td>\n",
       "      <td>0.706689</td>\n",
       "      <td>0.813682</td>\n",
       "      <td>-0.799411</td>\n",
       "      <td>-0.025392</td>\n",
       "      <td>-0.914106</td>\n",
       "    </tr>\n",
       "    <tr>\n",
       "      <th>action2</th>\n",
       "      <td>0.706689</td>\n",
       "      <td>1.000000</td>\n",
       "      <td>0.723102</td>\n",
       "      <td>-0.845154</td>\n",
       "      <td>-0.518999</td>\n",
       "      <td>-0.843374</td>\n",
       "    </tr>\n",
       "    <tr>\n",
       "      <th>action3</th>\n",
       "      <td>0.813682</td>\n",
       "      <td>0.723102</td>\n",
       "      <td>1.000000</td>\n",
       "      <td>-0.847946</td>\n",
       "      <td>-0.379980</td>\n",
       "      <td>-0.802181</td>\n",
       "    </tr>\n",
       "    <tr>\n",
       "      <th>romantic1</th>\n",
       "      <td>-0.799411</td>\n",
       "      <td>-0.845154</td>\n",
       "      <td>-0.847946</td>\n",
       "      <td>1.000000</td>\n",
       "      <td>0.148039</td>\n",
       "      <td>0.723747</td>\n",
       "    </tr>\n",
       "    <tr>\n",
       "      <th>romantic2</th>\n",
       "      <td>-0.025392</td>\n",
       "      <td>-0.518999</td>\n",
       "      <td>-0.379980</td>\n",
       "      <td>0.148039</td>\n",
       "      <td>1.000000</td>\n",
       "      <td>0.393939</td>\n",
       "    </tr>\n",
       "    <tr>\n",
       "      <th>romantic3</th>\n",
       "      <td>-0.914106</td>\n",
       "      <td>-0.843374</td>\n",
       "      <td>-0.802181</td>\n",
       "      <td>0.723747</td>\n",
       "      <td>0.393939</td>\n",
       "      <td>1.000000</td>\n",
       "    </tr>\n",
       "  </tbody>\n",
       "</table>\n",
       "</div>"
      ],
      "text/plain": [
       "            action1   action2   action3  romantic1  romantic2  romantic3\n",
       "action1    1.000000  0.706689  0.813682  -0.799411  -0.025392  -0.914106\n",
       "action2    0.706689  1.000000  0.723102  -0.845154  -0.518999  -0.843374\n",
       "action3    0.813682  0.723102  1.000000  -0.847946  -0.379980  -0.802181\n",
       "romantic1 -0.799411 -0.845154 -0.847946   1.000000   0.148039   0.723747\n",
       "romantic2 -0.025392 -0.518999 -0.379980   0.148039   1.000000   0.393939\n",
       "romantic3 -0.914106 -0.843374 -0.802181   0.723747   0.393939   1.000000"
      ]
     },
     "execution_count": 6,
     "metadata": {},
     "output_type": "execute_result"
    }
   ],
   "source": [
    "item_similarity_df=pd.DataFrame(item_similarity,index=ratings.columns,columns=ratings.columns)\n",
    "item_similarity_df"
   ]
  },
  {
   "cell_type": "code",
   "execution_count": 7,
   "id": "1b587352-34cb-41ed-92fa-bbf1db25a224",
   "metadata": {},
   "outputs": [],
   "source": [
    "def get_similar_movies(movie_name,user_rating):\n",
    "    similar_score=item_similarity_df[movie_name]*(user_rating-2.5)\n",
    "    similar_score=similar_score.sort_values(ascending=False)\n",
    "    return similar_score\n"
   ]
  },
  {
   "cell_type": "code",
   "execution_count": 8,
   "id": "f7e5112a-09a6-4660-896c-0ebb701cb0e5",
   "metadata": {},
   "outputs": [
    {
     "name": "stdout",
     "output_type": "stream",
     "text": [
      "action1      1.371159\n",
      "action2      1.265061\n",
      "action3      1.203271\n",
      "romantic2   -0.590909\n",
      "romantic1   -1.085620\n",
      "romantic3   -1.500000\n",
      "Name: romantic3, dtype: float64\n"
     ]
    }
   ],
   "source": [
    "print(get_similar_movies(\"romantic3\",1))"
   ]
  },
  {
   "cell_type": "code",
   "execution_count": 13,
   "id": "c4f966ed-3cb3-48d1-86e3-9e3eaa38dc2e",
   "metadata": {},
   "outputs": [],
   "source": [
    "\n",
    "action_lover = [(\"action1\", 5), (\"romantic2\", 1), (\"romantic3\", 1)]\n",
    "similar_movies_list = []\n",
    "\n",
    "for movie, rating in action_lover:\n",
    "    similar_df = get_similar_movies(movie, rating)\n",
    "    similar_movies_list.append(similar_df)\n",
    "\n",
    "\n",
    "similar_movies = pd.concat(similar_movies_list, ignore_index=True)\n",
    "\n",
    "\n",
    "\n"
   ]
  },
  {
   "cell_type": "code",
   "execution_count": 16,
   "id": "e334f219-b5b3-41b4-8610-e94a127b39b7",
   "metadata": {},
   "outputs": [
    {
     "name": "stdout",
     "output_type": "stream",
     "text": [
      "0    2.500000\n",
      "1    2.034204\n",
      "2    1.766722\n",
      "3   -0.063480\n",
      "4   -1.998527\n",
      "dtype: float64\n"
     ]
    }
   ],
   "source": [
    "print(similar_movies.head())\n"
   ]
  },
  {
   "cell_type": "code",
   "execution_count": 17,
   "id": "e7365871-9314-48ed-84ca-839e9f9d071c",
   "metadata": {},
   "outputs": [],
   "source": [
    "recommendations = similar_movies.sort_values(ascending=False)"
   ]
  },
  {
   "cell_type": "code",
   "execution_count": 18,
   "id": "c58fa89c-bd05-42b9-b6b4-ed38b632e40b",
   "metadata": {},
   "outputs": [
    {
     "name": "stdout",
     "output_type": "stream",
     "text": [
      "0    2.500000\n",
      "1    2.034204\n",
      "2    1.766722\n",
      "3   -0.063480\n",
      "4   -1.998527\n",
      "dtype: float64\n"
     ]
    }
   ],
   "source": [
    "print(similar_movies.head())"
   ]
  },
  {
   "cell_type": "code",
   "execution_count": null,
   "id": "fb39c9a8-fd4f-4822-84dd-dc815181e752",
   "metadata": {},
   "outputs": [],
   "source": []
  }
 ],
 "metadata": {
  "kernelspec": {
   "display_name": "Python [conda env:base] *",
   "language": "python",
   "name": "conda-base-py"
  },
  "language_info": {
   "codemirror_mode": {
    "name": "ipython",
    "version": 3
   },
   "file_extension": ".py",
   "mimetype": "text/x-python",
   "name": "python",
   "nbconvert_exporter": "python",
   "pygments_lexer": "ipython3",
   "version": "3.12.7"
  }
 },
 "nbformat": 4,
 "nbformat_minor": 5
}
